i2016022121443111006166434
2016022319353111007424512
2016022118513122009314011
2016022318513121009814606
2016022222541011007991037
2016022122043111008274643
2016022311081022009875656
2016022322513131009394403
2016022321033111008950138
2016022313163111007114419
2016022217073111009086835
2016022217063111009086612
2016022217453111007996280
2016022120033111009931971
2016022213313111008020693
2016022317303111008596662
2016022219543111010022027
2016022310253111007160501
2016022310323111007662882
2016022310373111007964388
2016022310423111008566115
2016022317403133009899241
2016022300203122009814648
2016022222483111009989186
2016022210543122009370202
2016022315033111008047581
2016022311293122009882574
2016022311293121009882458
2016022311203132009879760
2016022315173111006952348
2016022320103111008933778
2016022403503111007934484
2016022112213111007918377
2016022221013154009941539
2016022113313111007536201
2016022123143111008998881
2016022322183111004881363
2016022321573111009872680
2016022313243111010016999
2016022408343111008447854
2016022210543111006870254
2016022210163122009857313
2016022323123111009102012
2016022121063111009852476
2016022121053111006751906
2016022221173111009849710
2016022309043111008038760
2016022207263111007728870
2016022209103111006940062
2016022323133111007102270
2016022121223111009158566
2016022317493111009901609
2016022313423111003722522
2016022214443111007243492
2016022301503122009821486
2016022123143111009598708
2016022219063111008411407
2016022111353122007406771
2016022222243111006179237
2016022221173111009849753
2016022218573111006409595
2016022215183111007153956
2016022317053111007489181
2016022221023144008042277
2016022109533111006476993
2016022123243111007501755
2016022210553111005570791
2016022209033111007038394
2016022315243111007754742
2016022216243111007174058
2016022314563111008945368
2016022315043111009947999
2016022311143111008177688
2016022311173111007978534
2016022311453111007087304
2016022215003111007548473
2016022117473111009600394
2016022213293122009420134
2016022118473111007612912
2016022221023111009842322
2016022216013111007166414
2016022321473111006168125
2016022216343111008076990
2016022322413111007490287
2016022322523111007494419
2016022113263111007934965
2016022310173131009957948
2016022310303111006962008
2016022310353111008963685
2016022113253111008234767
2016022115453111007169340
2016022308083153009931199
2016022112063111008814718
2016022112083111007615260
2016022116233111007178660
2016022111263111005304379
2016022215073111007950625
2016022210493122009868240
2016022219463111008919944
2016022321113111006153636
2016022308113111008831528
2016022400533111008925968
2016022401303133009829401
2016022118283111007108932
2016022200473111010016673
2016022113453122009839945
2016022112513111005125416
2016022200553122004917610
2016022313443111006622977
2016022312313111001999578
2016022320153111008835060
2016022318503111006114363
2016022318433111007112750
2016022310263111008960866
2016022214323143009339517
2016022114543111008156790
2016022110393111008189017
2016022110533111009993708
2016022315203111010053604
2016022311093122009075978
2016022211103111003976422
2016022303083111008523926
2016022215553111007264619
2016022221493111009363521
2016022211023111008473256
2016022221183122009850134
2016022221153122007548752
2016022215053111006050197
2016022123213131009000706
2016022211313111007684565
2016022211373111008386542
2016022123163111008799401
2016022317053111007189164
2016022117313111006696578
2016022323323155009108447
2016022315493111005663052
2016022320283111008238747
2016022111473122009309870
2016022113433111008439349
2016022113403111006938517
2016022114023121009344066
2016022119433111007426731
2016022322133122007579185
2016022217303111007192783
2016022309263111008943917
2016022217273111005391985
2016022400123121009819113
2016022115333111006165965
2016022120413122009343142
2016022208263142009833059
2016022312463143009303872
2016022216221011008073295
2016022320353111008441072
2016022117383111007098256
2016022217443111007796043
2016022220323121009031756
2016022200103111007312357
2016022110253111007585234
2016022110383111006688506
2016022110383111007588615
2016022123203151009900490
2016022311413111009986266
2016022300313122009315938
2016022300273133009815392
2016022210493111006968445
2016022210483111009668152
2016022222073111009471958
2016022321573111008472426
2016022316483111008982957
2016022113543111006842066
2016022314433122009341319
2016022222313133009382212
2016022120263133009838634
2016022109263111008570662
2016022309023111006438302
2016022318553111007115516
2016022208333133009333896
2016022319293111006922900
2016022121533111007570630
2016022320363142008041189
2016022122323122009884941
2016022114283111004550712
2016022221173111006949787
2016022315163111008952076
2016022315133111007151037
2016022320143111009434944
2016022312433142009803164
2016022323483111006012874
2016022213063111006512721
2016022110503111005892621
2016022110493122009892125
2016022215033122009349461
2016022117013111006888809
2016022316363111007179056
2016022310533111006670587
2016022120103111006833947
2016022319063111007917873
2016022121123111007954640
2016022113373111007937793
2016022407563111006942396
2016022400453144008025063
2016022213363111007521972
2016022213383111007922637
2016022309023111008938323
2016022309003111009437938
2016022309073111009439410
2016022310543111008970828
2016022313163111008914326
2016022313153155008114100
2016022213493121009826062
2016022119583111010030625
2016022116563111007087510
2016022221443111007161382
2016022308213111004532390
2016022321053111022151333
2016022119463111006827390
2016022119543111009229474
2016022322153111007879955
2016022120163131009035504
2016022212393111002604305
2016022209263111008843661
2016022209223111008442804
2016022211573111009292598
2016022119223111009421169
2016022322223111007982753
2016022319163111008120012
2016022123003111008294130
2016022312573111005107522
2016022310073111006654936
2016022122473111007189958
2016022110003111009978512
2016022216033111008567288
2016022119423131007526397
2016022111453111005909418
2016022213043111007511883
2016022213193122009316848
2016022213203144009817254
2016022117233111006894763
2016022310513133009369548
2016022317083111007190472
2016022319183111006120384
2016022115003121009058041
2016022114593133009157868
2016022323563111007114927
2016022311003111008972892
2016022310053111006654515
2016022221583111009167678
2016022117303111008696350
2016022222573111005292245
2016022117233111007694711
2016022322383111007989344
2016022120293111009939603
2016022222443111007187450
2016022316523111009184240
2016022310333122009862932
2016022222003111002668547
2016022120303122009339847
2016022302573111007123719
2016022215133111008152395
2016022215053111006249915
2016022216253111006274199
2016022216343111008976937
2016022323543111007914506
2016022319413111009425870
2016022407133122008939058
2016022300083111007012763
2016022214243111008437212
2016022113423133009838962
2016022217113153009988047
2016022221223121008551714
2016022312323152009999967
2016022408573111008952434
2016022213353111010021847
2016022400413111007924533
2016022400413111009624470
2016022311093111008576073
2016022309483111007449529
2016022314173111008933039
2016022306583122009827194
2016022113143111007932047
2016022213033152009911529
2016022120523155009946756
2016022216563121009883241
2016022303173111006124071
2016022303243111008924214
2016022215293121008857081
2016022219363111009317745
2016022212423111007005154
2016022319363111008524791
2016022216123111009870011
2016022301383111007420889
2016022121513111006969542
2016022121383111009264248
2016022120143111022934909
2016022109153111007968329
2016022121493133008068820
2016022312513111009405457
2016022207043111005528089
2016022315513111006963971
2016022315503111006963552
2016022115261011006964106
2016022223393111008005980
2016022223303111008903522
2016022322393111005189700
2016022310033111005753929
2016022221013133007041268
2016022314493111007143376
2016022212003111006993408
2016022316083152009969643
2016022216053111007567864
2016022210473111007467767
2016022221473111007762737
2016022214543111007146675
2016022323103111008901271
2016022323123111005402104
2016022320443122009343508
2016022121353111007463103
2016022216323111006076450
2016022318443111006812955
2016022318373111006911604
2016022318353111008911242
2016022300443111006817404
2016022110593111007195463
2016022217523111008497580
2016022216553121009883063
2016022215033111005549551
2016022220043111006124323
2016022123273111006602616
2016022201103111009618903
2016022119323111005823862
2016022320583111005647742
2016022123013111007194714
2016022123153122009899321
2016022314503155009943681
2016022321533111003570878
2016022311533121009389757
2016022218123111002501493
2016022207103111007928327
2016022221123111009247268
2016022114173122009348037
2016022114233111007049420
2016022120203111006736866
2016022121343111007962708
2016022115383111007467448
2016022121213111008257968
2016022121173111006756537
2016022116073111007174848
2016022209483144009849495
2016022320313111007839662
2016022221223111009951622
2016022221303111007955446
2016022212293111007201199
2016022114503131009855738
2016022108553151009963988
2016022108573111009964428
2016022315263111006455563
2016022318113111005805989
2016022111363111008006891
2016022118173111006606862
2016022319573122009830148
2016022319413111008925901
2016022113263111006834985
2016022210093121007855085
2016022310213111007859199
2016022314393133007140043
2016022215253111008355984
2016022214293122009838587
2016022210373155009263957
2016022315443133007861523
2016022113363111007037439
2016022122193111006580127
2016022315003133008046772
2016022220213122007028465
2016022212413111006304792
2016022214323111008239698
2016022319033111008917175
2016022319023111008516867
2016022319003111007916363
2016022119513122009328654
2016022312163132008895941
2016022311533111009989816
2016022323053111007599351
2016022322083144009877250
2016022313223111005616324
2016022111483111006910297
2016022321563111007972051
2016022116573111007987644
2016022116403111007983173
2016022213323111008920966
2016022313523111004225241
2016022119533122009829145
2016022215303111006757331
2016022111063111008797509
2016022111073111008997937
2016022111043111007797092
2016022323373133009909927
2016022115363133009866904
2016022309573111006751958
2016022118273111006708764
2016022211203133009380519
2016022317183111007693448
2016022110073111007980389
2016022311143111008977668
2016022215583111009965599
2016022219493111009920620
2016022222293133009881427
2016022117433111010099567
2016022217243111007591246
2016022210473111004967594
2016022308053121007530946
2016022115233142009363459
2016022118153133009306540
2016022316543111007484874
2016022202313122009823504
2016022401093122009327776
2016022207403111006829581
2016022207413111006929619
2016022122223111005881305
2016022213463111007625182
2016022318593111007616271
2016022221261011006953592
2016022121423111007965814
2016022121353111007463099
2016022223363111007705148
2016022118103111005605524
2016022118343111006610312
2016022111143144009000571
2016022313013122008908879
2016022314103111008930824
2016022323303122009308001
2016022311083111007175891
2016022314123111006231671
2016022116253111008279200
2016022122223111007081322
2016022211153133009878478
2016022312563111007906930
2016022219183111009213834
2016022308503111007935944
2016022109523111006876629
2016022118393133009811356
2016022108163111006658739
2016022107113121009853757
2016022315343155009958136
2016022111283111003604820
2016022119063111007517669
2016022119013111008816235
2016022312483144009804561
2016022312473111008504090
2016022123143132009398845
2016022206273111008027117
2016022114103154009946484
2016022114373111009952633
2016022309433111008548406
2016022301223122009820079
2016022322573111007696528
2016022122263111007582931
2016022122303111009284226
2016022301123111007019547
2016022116593121009388247
2016022212423111005604956
2016022213363111004622015
2016022317323121009897243
2016022408293111006946990
2016022316063111009169196
2016022122143111008878386
2016022122163111007979372
2016022121453111006066879
2016022210283111006060910
2016022317553122009002969
2016022317583133009303594
2016022114303111008450963
2016022321263133009359770
2016022309523133009350822
2016022310113111006956296
2016022120303111006939776
2016022401373121009829973
2016022313133111007413408
2016022400593111007126652
2016022214363111006141087
2016022214463111008444105
2016022116413111007483617
2016022319303121009823383
2016022409123133009855987
2016022122263111007482991
2016022110153111009982363
2016022323093155008900616
2016022401493133008330644
2016022401233111006928978
2016022401313122009829486
2016022319473111007227466
2016022319483111008927603
2016022214143111009133675
2016022315233111008954515
2016022118143122009806376
2016022222013111005369099
2016022221143111000848513
2016022319493111009427901
2016022317223111009494649
2016022211453111009888846
2016022212133111006497100
2016022315033122008047494
2016022308523111006936372
2016022117023111006889260
2016022322463132007592274
2016022108183111009558985
2016022108363111008461058
2016022115343111008066330
2016022217273111007192159
2016022220223111007129069
2016022110053154009979793
2016022313513111008324964
2016022116433122009884178
2016022309133111008940885
2016022112413122009823136
2016022113513111006441333
2016022113553111007942411
2016022119293111008923275
2016022311453111007187384
2016022121583111009272187
2016022115443111006768978
2016022318523111007614808
2016022318513111007114565
2016022400543111006426073
2016022319533151009428895
2016022117063111006890628
2016022200243121009314225
2016022111223111009602834
2016022111233111009803161
2016022213213133009817488
2016022312193111005196510
2016022323443111008011674
2016022219213121008914407
2016022309513111008550305
2016022320273111009938676
2016022223473111008008316
2016022118113111008805726
2016022118113111007905562
2016022314473111004942738
2016022309473111006149466
2016022216183111007672163
2016022214443111009543639
2016022123103111008397806
2016022408353121007548081
2016022218123111007901557
2016022218133111007901731
2016022320243111008937719
2016022214191011006935238
2016022122303111009184231
2016022315483111007762800
2016022110183111007483243
2016022213223111006717956
2016022113573111006942903
2016022114013111005943831
2016022111123111006499690
2016022310313111007162539
2016022113073144008029878
2016022323043111009498852
2016022221283111004054431
2016022317023122009387903
2016022216343111008477068
2016022400353111006423651
2016022300223111007114873
2016022400143154009919466
2016022118143111008906221
2016022313373111009920868
2016022408433121009849394
