234772
235568
235571
236380
236601
237566
237591
238417
239286
241103
241166
241230
241326
241459
242147
242204
242414
243033
243221
243332
243477
244027
244110
244187
244269
245580
245818
245913
245914
245921
246354
246512
247347
247558
247713
248522
248604
248614
248668
248713
248714
248715
249216
249217
249526
250003
250111
250200
250490
250661
250798
250894
250931
251123
251620
252862
252888
253687
253808
253906
253926
253972
254335
254609
254634
254659
254772
255152
255225
255513
255779
255960
256046
256111
256216
256297
256310
256317
256970
257192
257697
257735
257897
258074
258513
259186
259252
259310
259717
259936
260445
260575
260678
260867
261170
261357
261841
262019
262504
262813
262849
263254
263347
263413
263654
263784
263959
264683
264815
264965
265155
265383
265498
265659
266059
266081
266220
266539
266558
266635
266742
266753
266911
267056
267114
267305
267321
267671
267825
268430
268809
268926
268959
268978
269200
269895
270385
270494
270495
270779
271026
271221
271231
271554
271640
272090
272114
272173
272212
272326
272328
272784
272819
272873
273022
273029
273058
273081
273176
273620
273743
273767
273795
273931
274021
274452
274828
274863
274905
274988
275160
275241
275363
275386
275424
275439
275585
275733
275814
275889
275943
276062
276171
276252
276304
276311
276428
276449
276759
276774
276817
277132
277161
277180
277230
277258
277347
277382
277393
277398
277817
277975
277986
278005
278047
278128
278210
278214
278242
278437
278440
278644
278710
278981
279073
279193
279459
279463
279684
279733
280005
280090
280108
280156
280384
280416
280633
280679
280684
281146
281290
281479
281549
281561
281649
281654
281655
281733
281748
281752
281808
281866
282014
282685
282770
282804
283087
283095
283500
283675
283836
284029
284122
284161
284463
284620
285128
285141
285487
285519
285520
285608
285636
285667
285674
285684
285687
285701
285705
285825
285956
286055
286420
286436
286449
286715
286949
286950
287061
287099
287103
287253
287258
287264
287415
287416
287464
287514
287811
287850
288025
289163
290153
