285825
288025
285956
286950
286949
289163
287811
290153
287850
236380
234772
238417
235568
237566
235571
237591
236601
243033
241103
241166
242147
241230
242204
244027
243221
244110
241326
243332
239286
244187
241459
242414
244269
243477
246354
249216
245580
249217
247347
246512
247558
248522
245818
248604
248614
249526
248668
247713
245913
245914
248714
248713
248715
245921
250003
250111
251123
250200
254335
250490
253687
254609
254634
251620
254659
250661
253808
254772
252862
250798
252888
250894
253906
250931
253926
253972
256046
256111
258074
255152
256216
255225
256297
256310
257192
256317
259186
259252
259310
255513
258513
257697
257735
255779
259717
256970
257897
255960
262019
259936
261170
260445
263254
261357
260575
263347
260678
263413
262504
260867
263654
264683
261841
264815
263784
262813
262849
265155
266059
266081
264965
267056
266220
263959
267114
265383
265498
269200
267305
267321
266539
265659
266558
266635
266742
266753
268430
267671
266911
271026
267825
268809
271221
271231
268926
272090
268959
272114
268978
270385
272173
269895
273022
273029
272212
273058
273081
270494
270495
272326
272328
274021
271554
273176
271640
270779
274452
272784
272819
273620
272873
275160
276062
273743
273767
273795
275241
274828
274863
276171
274905
277132
275363
277161
277180
273931
275386
274988
277230
276252
278005
275424
277258
275439
276304
276311
278047
279073
277347
277382
277393
277398
276428
276449
275585
278128
279193
278210
278214
275733
278242
276759
276774
276817
275814
275889
279459
279463
275943
277817
278437
278440
280005
280090
280108
280156
277975
277986
282014
281146
279684
278644
279733
278710
280384
281290
280416
281479
278981
281549
281561
280633
281649
281655
281654
283087
284029
280679
283095
280684
281733
281752
281748
284122
281808
284161
282685
281866
282770
282804
285128
286055
285141
284463
287061
283500
287099
287103
287253
285487
283675
284620
287258
287264
285519
285520
286420
286436
285608
286449
285636
285667
285674
285684
287415
287416
285687
283836
285701
285705
287464
287514
286715
235062
234514
242101
255311
191086
208555
211241
212374
212512
213453
213764
213765
213770
218127
218185
222709
223773
218959
218965
222993
228101
224230
227209
225377
227210
227211
228161
225486
227361
224350
226455
227563
228456
224651
225783
229271
231164
229429
233138
229486
232263
229554
229597
233309
233324
233349
231463
229657
232467
231528
232502
229737
233503
230565
229803
229807
231627
233611
232638
232654
231822
233893
230975
231865
233968
231907
231921
234217
235042
231925
231927
231929
235087
235106
235108
234323
234328
235149
235154
234459
235282
234508
238175
234511
238230
236380
238332
