| 2015102715463211006970270 | 359876350074  |  | 1         |
| 2015102720071011005551292 | 1132703583706 |  | 0         |
| 2015102711123111006455202 | 1130496012506 |  | 1         |
| 2015102711201021034859344 | 1132815643406 |  | 1         |
| 2015102720063221008350722 | 1132703561606 |  | 0         |
| 2015102712253211003585528 | 1132825640106 |  | 1         |
| 2015102716191011004483399 | 1132134557006 |  | 1         |
| 2015102711283121009362876 | 1131402040506 |  | 1         |
| 2015102720052011000350375 | 1132703504606 |  | 0         |
| 2015102720073122007351141 | 1132703577006 |  | 0         |
| 2015102720103111006352318 | 1132703705506 |  | 0         |
| 2015102719453211006042873 | 1132703670006 |  | 0         |
| 2015102720103111007952197 | 1132703677506 |  | 0         |
| 2015102720081086008951575 | 1132703655406 |  | 0         |
| 2015102720101021023852399 | 1132703717006 |  | 0         |
| 2015102720111011005752497 | 1132703726806 |  | 0         |
| 2015102720093111006552069 | 359876364865  |  | 0         |
| 2015102720093211042352111 | 1132703680106 |  | 0         |
| 2015102720103111007152254 | 1132703682906 |  | 0         |
| 2015102720103111043852413 | 1132703886406 |  | 0         |
| 2015102720083111003451741 | 1132703620506 |  | 0         |
| 2015102720113111022952523 | 1132703724506 |  | 0         |
| 2015102720111011013852622 | 1132703889506 |  | 0         |
| 2015102720103111009252193 | 359876364941  |  | 0         |
| 2015102720103211068852332 | 1132703693406 |  | 0         |
